0.0 0.0 4.9E-324 0.0 0.0 4.9E-324 0.0 0.0 4.9E-324 0.0 0.0 4.9E-324 0.0 0.0 4.9E-324 0.0 0.0 4.9E-324 0.0 0.0 4.9E-324 0.0 0.0 4.9E-324 0.0 0.0 4.9E-324 0.0 0.0 4.9E-324 0.0 0.0 4.9E-324 0.0 0.0 4.9E-324 0.0
250.0 0.014401 7.3377E7 14554.919556523404 0.014401 7.3377E7 14554.919615598397 0.014401 7.3377E7 14602.28640699091 0.014401 7.3377E7 14602.287917119986 0.014401 7.3377E7 14602.288508647662 0.014401 7.3377E7 14602.439039672383 0.014401 7.3377E7 14602.439262192696 0.014401 7.3377E7 14602.4392730648 0.014401 7.3377E7 14602.439293702015 0.014401 7.3377E7 14649.340302701197 0.014401 7.3377E7 14649.340338844275 0.014401 7.3377E7 14649.340428231604
500.0 15421.0 2.1688E9 1055319.3967821107 15421.0 2.1688E9 1056116.5388601033 15421.0 2.1688E9 1186534.515044087 15421.0 2.1688E9 1195841.9134624128 15421.0 2.1688E9 1202555.816743933 15421.0 2.1688E9 1223307.243705118 15421.0 2.1688E9 1226186.05926734 15421.0 2.1688E9 1226232.8336514868 15421.0 2.1688E9 1226335.752477048 15421.0 2.1688E9 1266908.5185892198 15421.0 2.1688E9 1267461.4955913106 15421.0 2.1688E9 1268847.3241523504
750.0 1.1858E7 7.8872E9 6693959.549131899 1.1858E7 7.8872E9 6743455.958549226 1.1858E7 7.8872E9 8482441.050813565 1.1858E7 7.8872E9 8749228.888282886 1.1858E7 7.8872E9 8952634.124170532 1.1858E7 7.8872E9 9378377.511135353 1.1858E7 7.8872E9 9511171.166257616 1.1858E7 7.8872E9 9521112.98972821 1.1858E7 7.8872E9 9538582.765203167 1.1858E7 7.8872E9 9966725.661303522 1.1858E7 7.8872E9 9994619.489137357 1.1858E7 7.8872E9 1.0043802290700851E7
1000.0 1.4531E8 1.5841E10 1.9371667121170804E7 1.4531E8 1.5841E10 1.9736675756749384E7 1.4531E8 1.5841E10 2.6603960549041E7 1.4531E8 1.5841E10 2.764556585764931E7 1.4531E8 1.5841E10 2.8840999000090905E7 1.4531E8 1.5841E10 3.0960833560585413E7 1.4531E8 1.5841E10 3.184434324152351E7 1.4531E8 1.5841E10 3.1940174529588234E7 1.4531E8 1.5841E10 3.2093726933915116E7 1.4531E8 1.5841E10 3.3703935096809395E7 1.4531E8 1.5841E10 3.3891823470593594E7 1.4531E8 1.5841E10 3.417731388055632E7
1250.0 6.5095E8 1.9209E10 3.259517134805926E7 6.5095E8 1.9209E10 3.38775638578311E7 6.5095E8 1.9209E10 4.7665228615580395E7 2.8688E8 1.9209E10 4.899236251249887E7 2.8688E8 1.9209E10 5.2744530497227535E7 2.8688E8 1.9209E10 5.877400054540496E7 2.8688E8 1.9209E10 6.170620670848105E7 2.8688E8 1.9209E10 6.208533315153168E7 2.8688E8 1.9209E10 6.265675029542769E7 2.8688E8 1.9209E10 6.662366239432779E7 2.8688E8 1.9209E10 6.725013271520771E7 2.8688E8 1.9209E10 6.812778929188256E7
1500.0 1.8354E9 2.1439E10 4.678993727842924E7 1.8354E9 2.1439E10 4.9932687937460236E7 1.8354E9 2.1439E10 6.968247432051633E7 2.8691E8 2.1439E10 7.101889737296611E7 2.8691E8 2.1439E10 7.963745023179713E7 2.8691E8 2.1439E10 9.059251795291337E7 2.8691E8 2.1439E10 9.754407690209983E7 2.8691E8 2.1439E10 9.853538678301975E7 2.8691E8 2.1439E10 9.997314698663762E7 2.8691E8 2.1439E10 1.0575625761294432E8 2.8691E8 2.1439E10 1.072434496863922E8 2.8691E8 2.1439E10 1.092346141259886E8
1750.0 4.0038E9 2.209E10 5.7545968548313774E7 4.0038E9 2.209E10 6.383092446141258E7 2.5656E9 2.209E10 8.616575765839466E7 2.8693E8 2.209E10 8.750219343696024E7 2.8693E8 2.209E10 1.0406813289700933E8 2.8693E8 2.209E10 1.1852706390328151E8 2.8693E8 2.209E10 1.3191085628579219E8 2.8693E8 2.209E10 1.3397240523588762E8 2.8693E8 2.209E10 1.3689484865012267E8 2.8693E8 2.209E10 1.4287675938551036E8 2.8693E8 2.209E10 1.4579332151622576E8 2.8693E8 2.209E10 1.4910283883283332E8
2000.0 7.4595E9 2.209E10 6.4437923825106785E7 7.4595E9 2.209E10 7.533893282428868E7 2.5656E9 2.209E10 9.795707662939732E7 2.8694E8 2.209E10 9.929353422416142E7 2.8694E8 2.209E10 1.2140588764657755E8 2.8694E8 2.209E10 1.3681481410780838E8 2.8694E8 2.209E10 1.558462657940187E8 2.8694E8 2.209E10 1.5957178165621302E8 2.8694E8 2.209E10 1.6451685937642026E8 2.8694E8 2.209E10 1.705408571948004E8 2.8694E8 2.209E10 1.7504699300063622E8 2.8694E8 2.209E10 1.7846422779747286E8
2250.0 7.8406E9 2.209E10 6.82995000454504E7 7.8406E9 2.209E10 8.162183437869284E7 2.5656E9 2.209E10 1.0430804472320697E8 2.8694E8 2.209E10 1.0564450231797107E8 2.8694E8 2.209E10 1.2926444595945817E8 2.8694E8 2.209E10 1.4483646668484676E8 2.8694E8 2.209E10 1.6517116353058812E8 2.8694E8 2.209E10 1.7091691391691667E8 2.8694E8 2.209E10 1.7631669575493136E8 2.8694E8 2.209E10 1.823406935733115E8 2.8694E8 2.209E10 1.8697236342150715E8 2.8694E8 2.209E10 1.9045150168166533E8
2500.0 7.8406E9 2.209E10 7.03944368693755E7 7.8406E9 2.209E10 8.416754840469047E7 2.5656E9 2.209E10 1.0685377692937005E8 2.8695E8 2.209E10 1.0819023725115897E8 2.8695E8 2.209E10 1.3217405690391779E8 2.8695E8 2.209E10 1.4776940278156528E8 2.8695E8 2.209E10 1.6848551949822745E8 2.8695E8 2.209E10 1.7459832742477956E8 2.8695E8 2.209E10 1.8014527770202708E8 2.8695E8 2.209E10 1.8616927552040723E8 2.8695E8 2.209E10 1.9091575311335334E8 2.8695E8 2.209E10 1.9439489137351152E8
2750.0 7.8406E9 2.209E10 7.078258340150894E7 7.8406E9 2.209E10 8.475049540950821E7 2.5656E9 2.209E10 1.074367330242705E8 2.8695E8 2.209E10 1.0877319334605943E8 2.8695E8 2.209E10 1.3285427688391963E8 2.8695E8 2.209E10 1.4844962276156712E8 2.8695E8 2.209E10 1.692439141896192E8 2.8695E8 2.209E10 1.7552407053904197E8 2.8695E8 2.209E10 1.8109810926279435E8 2.8695E8 2.209E10 1.871221070811745E8 2.8695E8 2.209E10 1.918685846741206E8 2.8695E8 2.209E10 1.953477229342788E8
3000.0 7.8406E9 2.209E10 7.094184165075901E7 7.8406E9 2.209E10 8.494620489046448E7 2.5656E9 2.209E10 1.0763246068539222E8 2.8695E8 2.209E10 1.089689219161894E8 2.8695E8 2.209E10 1.3305000545404959E8 2.8695E8 2.209E10 1.4864535133169708E8 2.8695E8 2.209E10 1.6943964275974917E8 2.8695E8 2.209E10 1.757617952913372E8 2.8695E8 2.209E10 1.8133583401508957E8 2.8695E8 2.209E10 1.8735983183346972E8 2.8695E8 2.209E10 1.9210630942641583E8 2.8695E8 2.209E10 1.95585447686574E8
3250.0 7.8406E9 2.209E10 7.100374511408053E7 7.8406E9 2.209E10 8.5008108353786E7 2.5656E9 2.209E10 1.0769437323879646E8 2.8695E8 2.209E10 1.0903083446959364E8 2.8695E8 2.209E10 1.3311191800745383E8 2.8695E8 2.209E10 1.4870726388510132E8 2.8695E8 2.209E10 1.6950155531315342E8 2.8695E8 2.209E10 1.7582370784474143E8 2.8695E8 2.209E10 1.813977465684938E8 2.8695E8 2.209E10 1.8742174438687396E8 2.8695E8 2.209E10 1.9216822197982007E8 2.8695E8 2.209E10 1.9564736023997825E8
3500.0 7.8406E9 2.209E10 7.100375420416325E7 7.8406E9 2.209E10 8.500811744386873E7 2.5656E9 2.209E10 1.076943914189619E8 2.8695E8 2.209E10 1.0903085446777563E8 2.8695E8 2.209E10 1.3311193800563583E8 2.8695E8 2.209E10 1.4870728388328332E8 2.8695E8 2.209E10 1.695015753113354E8 2.8695E8 2.209E10 1.7582372784292343E8 2.8695E8 2.209E10 1.813977665666758E8 2.8695E8 2.209E10 1.8742176438505596E8 2.8695E8 2.209E10 1.9216824197800207E8 2.8695E8 2.209E10 1.9564738023816025E8
3750.0 7.8406E9 2.209E10 7.100384510499044E7 7.8406E9 2.209E10 8.500820834469591E7 2.5656E9 2.209E10 1.0769448231978908E8 2.8696E8 2.209E10 1.0903094627761108E8 2.8696E8 2.209E10 1.3311202981547126E8 2.8696E8 2.209E10 1.4870737569311875E8 2.8696E8 2.209E10 1.6950166712117085E8 2.8696E8 2.209E10 1.7582381965275887E8 2.8696E8 2.209E10 1.8139785837651125E8 2.8696E8 2.209E10 1.874218561948914E8 2.8696E8 2.209E10 1.921683337878375E8 2.8696E8 2.209E10 1.956474720479957E8
4000.0 7.8406E9 2.209E10 7.100384510499044E7 7.8406E9 2.209E10 8.500820834469591E7 2.5656E9 2.209E10 1.0769450959003724E8 2.8696E8 2.209E10 1.0903097354785924E8 2.8696E8 2.209E10 1.3311205708571944E8 2.8696E8 2.209E10 1.4870740296336693E8 2.8696E8 2.209E10 1.6950169439141902E8 2.8696E8 2.209E10 1.7582384692300704E8 2.8696E8 2.209E10 1.8139788564675942E8 2.8696E8 2.209E10 1.8742188346513957E8 2.8696E8 2.209E10 1.9216836105808568E8 2.8696E8 2.209E10 1.9564749931824386E8
4250.0 7.8406E9 2.209E10 7.100384510499044E7 7.8406E9 2.209E10 8.500820834469591E7 2.5656E9 2.209E10 1.0769450959003724E8 2.8696E8 2.209E10 1.0903097354785924E8 2.8696E8 2.209E10 1.3311205708571944E8 2.8696E8 2.209E10 1.4870740296336693E8 2.8696E8 2.209E10 1.6950169439141902E8 2.8696E8 2.209E10 1.7582384692300704E8 2.8696E8 2.209E10 1.8139788564675942E8 2.8696E8 2.209E10 1.8742188346513957E8 2.8696E8 2.209E10 1.9216836105808568E8 2.8696E8 2.209E10 1.9564749931824386E8
4500.0 7.8406E9 2.209E10 7.100385419507316E7 7.8406E9 2.209E10 8.500821743477863E7 2.5656E9 2.209E10 1.0769452777020268E8 2.8696E8 2.209E10 1.0903099263703296E8 2.8696E8 2.209E10 1.3311207617489314E8 2.8696E8 2.209E10 1.4870742205254063E8 2.8696E8 2.209E10 1.6950171348059273E8 2.8696E8 2.209E10 1.7582386601218075E8 2.8696E8 2.209E10 1.8139790473593313E8 2.8696E8 2.209E10 1.8742190255431327E8 2.8696E8 2.209E10 1.9216838014725938E8 2.8696E8 2.209E10 1.9564751840741757E8
4750.0 7.8406E9 2.209E10 7.100385419507316E7 7.8406E9 2.209E10 8.500821743477863E7 2.5656E9 2.209E10 1.0769452777020268E8 2.8696E8 2.209E10 1.0903099263703296E8 2.8696E8 2.209E10 1.3311207617489314E8 2.8696E8 2.209E10 1.4870742205254063E8 2.8696E8 2.209E10 1.6950171348059273E8 2.8696E8 2.209E10 1.7582386601218075E8 2.8696E8 2.209E10 1.8139790473593313E8 2.8696E8 2.209E10 1.8742190255431327E8 2.8696E8 2.209E10 1.9216838014725938E8 2.8696E8 2.209E10 1.9564751840741757E8
5000.0 7.8406E9 2.209E10 7.100385419507316E7 7.8406E9 2.209E10 8.500821743477863E7 2.5656E9 2.209E10 1.0769452777020268E8 2.8696E8 2.209E10 1.0903099263703296E8 2.8696E8 2.209E10 1.3311207617489314E8 2.8696E8 2.209E10 1.4870743114262334E8 2.8696E8 2.209E10 1.6950172257067543E8 2.8696E8 2.209E10 1.7582387510226345E8 2.8696E8 2.209E10 1.8139791382601583E8 2.8696E8 2.209E10 1.8742191164439598E8 2.8696E8 2.209E10 1.921683892373421E8 2.8696E8 2.209E10 1.9564752749750027E8
5250.0 7.8406E9 2.209E10 7.100385419507316E7 7.8406E9 2.209E10 8.500821743477863E7 2.5656E9 2.209E10 1.0769452777020268E8 2.8696E8 2.209E10 1.0903099263703296E8 2.8696E8 2.209E10 1.3311207617489314E8 2.8696E8 2.209E10 1.4870744023270604E8 2.8696E8 2.209E10 1.6950173166075814E8 2.8696E8 2.209E10 1.7582388419234616E8 2.8696E8 2.209E10 1.8139792291609854E8 2.8696E8 2.209E10 1.8742192073447868E8 2.8696E8 2.209E10 1.921683983274248E8 2.8696E8 2.209E10 1.9564753658758298E8
5500.0 7.8406E9 2.209E10 7.100385419507316E7 7.8406E9 2.209E10 8.500821743477863E7 2.5656E9 2.209E10 1.0769452777020268E8 2.8696E8 2.209E10 1.0903099263703296E8 2.8696E8 2.209E10 1.3311207617489314E8 2.8696E8 2.209E10 1.4870744023270604E8 2.8696E8 2.209E10 1.6950173166075814E8 2.8696E8 2.209E10 1.7582388419234616E8 2.8696E8 2.209E10 1.8139792291609854E8 2.8696E8 2.209E10 1.8742192073447868E8 2.8696E8 2.209E10 1.921683983274248E8 2.8696E8 2.209E10 1.9564753658758298E8
