0.0 0.0 4.9E-324 0.0 0.0 4.9E-324 0.0 0.0 4.9E-324 0.0 0.0 4.9E-324 0.0 0.0 4.9E-324 0.0 0.0 4.9E-324 0.0 0.0 4.9E-324 0.0 0.0 4.9E-324 0.0 0.0 4.9E-324 0.0 0.0 4.9E-324 0.0
250.0 0.014401 7.3377E7 14568.708215310424 0.014401 7.3377E7 14612.0229963037 0.014401 7.3377E7 14612.024506432776 0.014401 7.3377E7 14616.076516832012 0.014401 7.3377E7 14616.076575907005 0.014401 7.3377E7 14616.077134059535 0.014401 7.3377E7 14616.227665084256 0.014401 7.3377E7 14616.22788129278 0.014401 7.3377E7 14616.227892164883 0.014401 7.3377E7 14616.227912802098
500.0 15421.0 2.1688E9 1077594.1299881828 15421.0 2.1688E9 1162143.8854649577 15421.0 2.1688E9 1171451.2838832834 15421.0 2.1688E9 1217319.5045904922 15421.0 2.1688E9 1218116.646668485 15421.0 2.1688E9 1224326.9320970825 15421.0 2.1688E9 1245078.3590582677 15421.0 2.1688E9 1247889.458958277 15421.0 2.1688E9 1247936.2333424238 15421.0 2.1688E9 1248039.152167985
750.0 1.1858E7 7.8872E9 6991839.469139171 1.1858E7 7.8872E9 8055428.324697756 1.1858E7 7.8872E9 8322216.162167079 1.1858E7 7.8872E9 8997612.39887283 1.1858E7 7.8872E9 9047108.808290156 1.1858E7 7.8872E9 9234236.433051541 1.1858E7 7.8872E9 9659979.820016362 1.1858E7 7.8872E9 9787084.265066814 1.1858E7 7.8872E9 9797026.088537408 1.1858E7 7.8872E9 9814495.864012364
1000.0 1.4531E8 1.5841E10 2.0676098536496684E7 1.4531E8 1.5841E10 2.4899318243796017E7 1.4531E8 1.5841E10 2.594092355240433E7 1.4531E8 1.5841E10 2.858498863739661E7 1.4531E8 1.5841E10 2.894999727297519E7 1.4531E8 1.5841E10 3.004919370966276E7 1.4531E8 1.5841E10 3.216902827015727E7 1.4531E8 1.5841E10 3.300891191709846E7 1.4531E8 1.5841E10 3.310474320516318E7 1.4531E8 1.5841E10 3.3258295609490063E7
1250.0 6.5095E8 1.9209E10 3.614105808562859E7 6.5095E8 1.9209E10 4.478456322152533E7 2.8688E8 1.9209E10 4.61116971184438E7 2.8688E8 1.9209E10 5.1255856740296364E7 2.8688E8 1.9209E10 5.2538249250068195E7 2.8688E8 1.9209E10 5.59887810199073E7 2.8688E8 1.9209E10 6.201825106808473E7 2.8688E8 1.9209E10 6.47960985364967E7 2.8688E8 1.9209E10 6.517522497954734E7 2.8688E8 1.9209E10 6.574664212344334E7
1500.0 1.8354E9 2.1439E10 5.3408181074447796E7 1.8354E9 2.1439E10 6.622311608035637E7 2.8691E8 2.1439E10 6.755953913280614E7 2.8691E8 2.1439E10 7.449439050995366E7 2.8691E8 2.1439E10 7.763714116898467E7 2.8691E8 2.1439E10 8.55643568766476E7 2.8691E8 2.1439E10 9.651942459776385E7 2.8691E8 2.1439E10 1.0309235433142444E8 2.8691E8 2.1439E10 1.0408366421234436E8 2.8691E8 2.1439E10 1.0552142441596223E8
1750.0 4.0038E9 2.209E10 6.6811417143896E7 4.0038E9 2.209E10 8.17867466593946E7 2.8693E8 2.209E10 8.312318243796018E7 2.8693E8 2.209E10 9.048268611944366E7 2.8693E8 2.209E10 9.676764203254247E7 2.8693E8 2.209E10 1.1200706572129804E8 2.8693E8 2.209E10 1.2646599672757022E8 2.8693E8 2.209E10 1.3909238523770565E8 2.8693E8 2.209E10 1.4115393418780112E8 2.8693E8 2.209E10 1.4407637760203618E8
2000.0 7.4595E9 2.209E10 7.581434415053177E7 5.2613E9 2.209E10 9.101207162985186E7 2.8694E8 2.209E10 9.234852922461596E7 2.8694E8 2.209E10 9.97689455504045E7 2.8694E8 2.209E10 1.106699545495864E8 2.8694E8 2.209E10 1.310593736933006E8 2.8694E8 2.209E10 1.464683001545314E8 2.8694E8 2.209E10 1.6416187346604848E8 2.8694E8 2.209E10 1.678873893282428E8 2.8694E8 2.209E10 1.7283246704845005E8
2250.0 7.8406E9 2.209E10 7.992862467048451E7 5.2613E9 2.209E10 9.519404599581859E7 2.8694E8 2.209E10 9.653050359058268E7 2.8694E8 2.209E10 1.0395129260976274E8 2.8694E8 2.209E10 1.1727362694300517E8 2.8694E8 2.209E10 1.3911855013180616E8 2.8694E8 2.209E10 1.5469057085719478E8 2.8694E8 2.209E10 1.7359939732751572E8 2.8694E8 2.209E10 1.7934514771384427E8 2.8694E8 2.209E10 1.8474492955185896E8
2500.0 7.8406E9 2.209E10 8.216591218980093E7 5.2613E9 2.209E10 9.743135169530044E7 2.8695E8 2.209E10 9.876781201708937E7 2.8695E8 2.209E10 1.0618860103626943E8 2.8695E8 2.209E10 1.199617125715844E8 2.8695E8 2.209E10 1.421466048541042E8 2.8695E8 2.209E10 1.5774195073175168E8 2.8695E8 2.209E10 1.76989200981729E8 2.8695E8 2.209E10 1.8310200890828112E8 2.8695E8 2.209E10 1.8864895918552864E8
2750.0 7.8406E9 2.209E10 8.25611489864558E7 5.2613E9 2.209E10 9.782658849195531E7 2.8695E8 2.209E10 9.916304881374423E7 2.8695E8 2.209E10 1.0658384692300701E8 2.8695E8 2.209E10 1.2055175893100628E8 2.8695E8 2.209E10 1.428339150986274E8 2.8695E8 2.209E10 1.5842926097627488E8 2.8695E8 2.209E10 1.777475956731207E8 2.8695E8 2.209E10 1.8402775202254346E8 2.8695E8 2.209E10 1.8960179074629584E8
3000.0 7.8406E9 2.209E10 8.272040723570587E7 5.2613E9 2.209E10 9.798584674120538E7 2.8695E8 2.209E10 9.932230797200257E7 2.8695E8 2.209E10 1.0674312426143079E8 2.8695E8 2.209E10 1.2074748750113626E8 2.8695E8 2.209E10 1.4302964366875735E8 2.8695E8 2.209E10 1.5862498954640484E8 2.8695E8 2.209E10 1.7794332424325067E8 2.8695E8 2.209E10 1.842654767748387E8 2.8695E8 2.209E10 1.8983951549859107E8
3250.0 7.8406E9 2.209E10 8.278231069902737E7 5.2613E9 2.209E10 9.804775020452689E7 2.8695E8 2.209E10 9.938421143532407E7 2.8695E8 2.209E10 1.0680503681483501E8 2.8695E8 2.209E10 1.2080940005454049E8 2.8695E8 2.209E10 1.430915562221616E8 2.8695E8 2.209E10 1.5868690209980908E8 2.8695E8 2.209E10 1.780052367966549E8 2.8695E8 2.209E10 1.8432738932824293E8 2.8695E8 2.209E10 1.899014280519953E8
3500.0 7.8406E9 2.209E10 8.27823197891101E7 5.2613E9 2.209E10 9.804776838469233E7 2.8695E8 2.209E10 9.938423143350606E7 2.8695E8 2.209E10 1.06805056813017E8 2.8695E8 2.209E10 1.2080942005272247E8 2.8695E8 2.209E10 1.4309157622034356E8 2.8695E8 2.209E10 1.5868692209799105E8 2.8695E8 2.209E10 1.7800525679483688E8 2.8695E8 2.209E10 1.843274093264249E8 2.8695E8 2.209E10 1.8990144805017728E8
3750.0 7.8406E9 2.209E10 8.27824106899373E7 5.2613E9 2.209E10 9.804785928551953E7 2.8696E8 2.209E10 9.938432324334152E7 2.8696E8 2.209E10 1.0680514862285246E8 2.8696E8 2.209E10 1.2080951186255793E8 2.8696E8 2.209E10 1.4309166803017902E8 2.8696E8 2.209E10 1.586870139078265E8 2.8696E8 2.209E10 1.7800534860467234E8 2.8696E8 2.209E10 1.8432750113626036E8 2.8696E8 2.209E10 1.8990153986001274E8
4000.0 7.8406E9 2.209E10 8.27824106899373E7 5.2613E9 2.209E10 9.804786837560225E7 2.8696E8 2.209E10 9.938433233342424E7 2.8696E8 2.209E10 1.0680517589310062E8 2.8696E8 2.209E10 1.2080953913280609E8 2.8696E8 2.209E10 1.430916953004272E8 2.8696E8 2.209E10 1.586870411780747E8 2.8696E8 2.209E10 1.7800537587492052E8 2.8696E8 2.209E10 1.8432752840650854E8 2.8696E8 2.209E10 1.899015671302609E8
4250.0 7.8406E9 2.209E10 8.27824106899373E7 5.2613E9 2.209E10 9.804786837560225E7 2.8696E8 2.209E10 9.938433233342424E7 2.8696E8 2.209E10 1.0680517589310062E8 2.8696E8 2.209E10 1.2080953913280609E8 2.8696E8 2.209E10 1.430916953004272E8 2.8696E8 2.209E10 1.586870411780747E8 2.8696E8 2.209E10 1.7800537587492052E8 2.8696E8 2.209E10 1.8432752840650854E8 2.8696E8 2.209E10 1.899015671302609E8
4500.0 7.8406E9 2.209E10 8.278241978002001E7 5.2613E9 2.209E10 9.804788655576769E7 2.8696E8 2.209E10 9.938435142259796E7 2.8696E8 2.209E10 1.0680519498227434E8 2.8696E8 2.209E10 1.2080955822197981E8 2.8696E8 2.209E10 1.430917143896009E8 2.8696E8 2.209E10 1.586870602672484E8 2.8696E8 2.209E10 1.7800539496409422E8 2.8696E8 2.209E10 1.8432754749568224E8 2.8696E8 2.209E10 1.8990158621943462E8
4750.0 7.8406E9 2.209E10 8.278241978002001E7 5.2613E9 2.209E10 9.804788655576769E7 2.8696E8 2.209E10 9.938435142259796E7 2.8696E8 2.209E10 1.0680519498227434E8 2.8696E8 2.209E10 1.2080955822197981E8 2.8696E8 2.209E10 1.430917143896009E8 2.8696E8 2.209E10 1.586870602672484E8 2.8696E8 2.209E10 1.7800539496409422E8 2.8696E8 2.209E10 1.8432754749568224E8 2.8696E8 2.209E10 1.8990158621943462E8
5000.0 7.8406E9 2.209E10 8.278241978002001E7 5.2613E9 2.209E10 9.804788655576769E7 2.8696E8 2.209E10 9.938435142259796E7 2.8696E8 2.209E10 1.0680519498227434E8 2.8696E8 2.209E10 1.2080955822197981E8 2.8696E8 2.209E10 1.430917143896009E8 2.8696E8 2.209E10 1.586870693573311E8 2.8696E8 2.209E10 1.7800540405417693E8 2.8696E8 2.209E10 1.8432755658576494E8 2.8696E8 2.209E10 1.8990159530951732E8
5250.0 7.8406E9 2.209E10 8.278241978002001E7 5.2613E9 2.209E10 9.804788655576769E7 2.8696E8 2.209E10 9.938435142259796E7 2.8696E8 2.209E10 1.0680519498227434E8 2.8696E8 2.209E10 1.2080955822197981E8 2.8696E8 2.209E10 1.430917143896009E8 2.8696E8 2.209E10 1.586870784474138E8 2.8696E8 2.209E10 1.7800541314425963E8 2.8696E8 2.209E10 1.8432756567584765E8 2.8696E8 2.209E10 1.8990160439960003E8
5500.0 7.8406E9 2.209E10 8.278241978002001E7 5.2613E9 2.209E10 9.804788655576769E7 2.8696E8 2.209E10 9.938435142259796E7 2.8696E8 2.209E10 1.0680519498227434E8 2.8696E8 2.209E10 1.2080955822197981E8 2.8696E8 2.209E10 1.430917143896009E8 2.8696E8 2.209E10 1.586870784474138E8 2.8696E8 2.209E10 1.7800541314425963E8 2.8696E8 2.209E10 1.8432756567584765E8 2.8696E8 2.209E10 1.8990160439960003E8
