0.0 0.0 0.0 0.0 0.0 0.0 0.0 0.0 0.0 0.0 0.0 0.0 0.0
250.0 0.014401 7.3377E7 14395.304045489318 0.014401 7.3377E7 14616.058426674299 0.014401 7.3377E7 14616.062499817739 0.014401 7.3377E7 14616.107827699017
500.0 15421.0 2.1688E9 949400.3230615399 15421.0 2.1688E9 1219036.8961003548 15421.0 2.1688E9 1229088.246886647 15421.0 2.1688E9 1241138.4631397151
750.0 1.1858E7 7.8872E9 5594274.520498137 1.1858E7 7.8872E9 9069206.799381875 1.1858E7 7.8872E9 9379114.535042267 1.1858E7 7.8872E9 9711247.068448327
1000.0 1.4531E8 1.5841E10 1.512667666575766E7 1.4531E8 1.5841E10 2.8989396418507427E7 1.4531E8 1.5841E10 3.0858431051722582E7 1.4531E8 1.5841E10 3.2795706753931474E7
1250.0 6.5095E8 1.9209E10 2.4872697027542952E7 2.8688E8 1.9209E10 5.2489975456776656E7 2.8688E8 1.9209E10 5.846179620034541E7 2.8688E8 1.9209E10 6.455393236978456E7
1500.0 1.8354E9 2.1439E10 3.3448377420234524E7 2.8691E8 2.1439E10 7.625307608399238E7 2.8691E8 2.1439E10 9.013366875738572E7 2.8691E8 2.1439E10 1.0374344059630948E8
1750.0 4.0038E9 2.209E10 3.83781838014726E7 2.8693E8 2.209E10 9.124140805381323E7 2.8693E8 2.209E10 1.176716689391873E8 2.8693E8 2.209E10 1.413774138714662E8
2000.0 7.4595E9 2.209E10 4.140456322152532E7 2.8694E8 2.209E10 9.871788655576767E7 2.8694E8 2.209E10 1.366939796382147E8 2.8694E8 2.209E10 1.6941323243341509E8
2250.0 1.0821E10 2.209E10 4.519743659667303E7 2.8694E8 2.209E10 1.0362784928642845E8 2.8694E8 2.209E10 1.4619761567130253E8 2.8694E8 2.209E10 1.812500654485956E8
2500.0 1.0821E10 2.209E10 4.728397418416507E7 2.8695E8 2.209E10 1.0594665939460045E8 2.8695E8 2.209E10 1.4943279701845282E8 2.8695E8 2.209E10 1.8510773566039452E8
2750.0 1.0821E10 2.209E10 4.768148350149986E7 2.8695E8 2.209E10 1.0639735478592853E8 2.8695E8 2.209E10 1.502367330242705E8 2.8695E8 2.209E10 1.8606056722116184E8
3000.0 1.0821E10 2.209E10 4.788273793291518E7 2.8695E8 2.209E10 1.0659862830651756E8 2.8695E8 2.209E10 1.5047445777656573E8 2.8695E8 2.209E10 1.8629829197345707E8
3250.0 1.0821E10 2.209E10 4.79446413962367E7 2.8695E8 2.209E10 1.0666054085992181E8 2.8695E8 2.209E10 1.5053637032996997E8 2.8695E8 2.209E10 1.863602045268613E8
3500.0 1.0821E10 2.209E10 4.79446413962367E7 2.8695E8 2.209E10 1.066605608581038E8 2.8695E8 2.209E10 1.5053639032815197E8 2.8695E8 2.209E10 1.863602245250433E8
3750.0 1.0821E10 2.209E10 4.79447322970639E7 2.8696E8 2.209E10 1.0666065266793926E8 2.8696E8 2.209E10 1.5053648213798743E8 2.8696E8 2.209E10 1.8636031633487877E8
4000.0 1.0821E10 2.209E10 4.79447322970639E7 2.8696E8 2.209E10 1.0666067993818742E8 2.8696E8 2.209E10 1.5053650940823558E8 2.8696E8 2.209E10 1.8636034360512692E8
4250.0 1.0821E10 2.209E10 4.79447322970639E7 2.8696E8 2.209E10 1.0666067993818742E8 2.8696E8 2.209E10 1.5053650940823558E8 2.8696E8 2.209E10 1.8636034360512692E8
4500.0 1.0821E10 2.209E10 4.79447322970639E7 2.8696E8 2.209E10 1.0666069902736112E8 2.8696E8 2.209E10 1.5053652849740928E8 2.8696E8 2.209E10 1.8636036269430062E8
4750.0 1.0821E10 2.209E10 4.79447322970639E7 2.8696E8 2.209E10 1.0666069902736112E8 2.8696E8 2.209E10 1.5053652849740928E8 2.8696E8 2.209E10 1.8636036269430062E8
5000.0 1.0821E10 2.209E10 4.79447322970639E7 2.8696E8 2.209E10 1.0666070811744386E8 2.8696E8 2.209E10 1.5053653758749202E8 2.8696E8 2.209E10 1.8636037178438336E8
5250.0 1.0821E10 2.209E10 4.79447322970639E7 2.8696E8 2.209E10 1.0666071720752656E8 2.8696E8 2.209E10 1.5053654667757472E8 2.8696E8 2.209E10 1.8636038087446606E8
5500.0 1.0821E10 2.209E10 4.79447322970639E7 2.8696E8 2.209E10 1.0666071720752656E8 2.8696E8 2.209E10 1.5053654667757472E8 2.8696E8 2.209E10 1.8636038087446606E8
